Applications Graphics Acceleration Info:
Uptime: 53841973 Realtime: 111891314

** Graphics info for pid 25969 [com.takahashirinta.ncrust] **

Stats since: 53778758416934ns
Total frames rendered: 260
Janky frames: 232 (89.23%)
50th percentile: 22ms
90th percentile: 36ms
95th percentile: 38ms
99th percentile: 53ms
Number Missed Vsync: 6
Number High input latency: 0
Number Slow UI thread: 124
Number Slow bitmap uploads: 3
Number Slow issue draw commands: 158
HISTOGRAM: 5ms=3 6ms=0 7ms=0 8ms=0 9ms=3 10ms=0 11ms=0 12ms=2 13ms=4 14ms=4 15ms=5 16ms=7 17ms=20 18ms=36 19ms=20 20ms=11 21ms=13 22ms=9 23ms=10 24ms=8 25ms=11 26ms=13 27ms=15 28ms=1 29ms=5 30ms=6 31ms=4 32ms=8 34ms=16 36ms=11 38ms=4 40ms=3 42ms=1 44ms=2 46ms=1 48ms=1 53ms=1 57ms=2 61ms=0 65ms=0 69ms=0 73ms=0 77ms=0 81ms=0 85ms=0 89ms=0 93ms=0 97ms=0 101ms=0 105ms=0 109ms=0 113ms=0 117ms=0 121ms=0 125ms=0 129ms=0 133ms=0 150ms=0 200ms=0 250ms=0 300ms=0 350ms=0 400ms=0 450ms=0 500ms=0 550ms=0 600ms=0 650ms=0 700ms=0 750ms=0 800ms=0 850ms=0 900ms=0 950ms=0 1000ms=0 1050ms=0 1100ms=0 1150ms=0 1200ms=0 1250ms=0 1300ms=0 1350ms=0 1400ms=0 1450ms=0 1500ms=0 1550ms=0 1600ms=0 1650ms=0 1700ms=0 1750ms=0 1800ms=0 1850ms=0 1900ms=0 1950ms=0 2000ms=0 2050ms=0 2100ms=0 2150ms=0 2200ms=0 2250ms=0 2300ms=0 2350ms=0 2400ms=0 2450ms=0 2500ms=0 2550ms=0 2600ms=0 2650ms=0 2700ms=0 2750ms=0 2800ms=0 2850ms=0 2900ms=0 2950ms=0 3000ms=0 3050ms=0 3100ms=0 3150ms=0 3200ms=0 3250ms=0 3300ms=0 3350ms=0 3400ms=0 3450ms=0 3500ms=0 3550ms=0 3600ms=0 3650ms=0 3700ms=0 3750ms=0 3800ms=0 3850ms=0 3900ms=0 3950ms=0 4000ms=0 4050ms=0 4100ms=0 4150ms=0 4200ms=0 4250ms=0 4300ms=0 4350ms=0 4400ms=0 4450ms=0 4500ms=0 4550ms=0 4600ms=0 4650ms=0 4700ms=0 4750ms=0 4800ms=0 4850ms=0 4900ms=0 4950ms=0

Caches:
Current memory usage / total memory usage (bytes) / hit ratio (%) / biggest memory usage (bytes):
  TextureCache         29699543 / 92274688   99.6528  31728883
  LayerCache                  0 / 60817408    0.0000         0 (numLayers = 0)
  Layers total          0 (numLayers = 0)
  RenderBufferCache           0 /  8388608    0.0000         0
  GradientCache               0 /  2097152    0.0000         0
  PathCache                   0 / 16777216   50.0000    404320
  TessellationCache      237024 /  1048576   99.7897
  TextDropShadowCache         0 /  6291456    0.0000         0
  PatchCache                  0 /   131072    0.0000         0
  FontRenderer A8     5242880 /  5242880
    Font CacheTexture    938064 /  1048576   89.4608 (usage ratio)
    Font CacheTexture   1609084 /  4194304   38.3636 (usage ratio)
  FontRenderer RGBA         0 /        0
  FontRenderer total  5242880 /  5242880
Other:
  FboCache                    0 /        0    0.0000
Total memory usage:
  35179447 bytes, 33.55 MB

All Textures in TexctureCache 
# No./ memory usage (bytes)/ size (width X height) / image type / hit count:
#  1 /    11236 / ( 106 X  106)/   GL_ALPHA /   53
#  2 /    11236 / ( 106 X  106)/   GL_ALPHA /   50
#  3 /    11236 / ( 106 X  106)/   GL_ALPHA /   47
#  4 /   331776 / ( 288 X  288)/    GL_RGBA /   99
#  5 /   331776 / ( 288 X  288)/    GL_RGBA /  103
#  6 /    12544 / ( 112 X  112)/   GL_ALPHA /  825
#  7 /     9216 / (  96 X   96)/   GL_ALPHA /   65
#  8 /   331776 / ( 288 X  288)/    GL_RGBA /  267
#  9 /     9216 / (  96 X   96)/   GL_ALPHA /   62
# 10 /   331776 / ( 288 X  288)/    GL_RGBA /  464
# 11 /   331776 / ( 288 X  288)/    GL_RGBA /  298
# 12 /  4000000 / (1000 X 1000)/    GL_RGBA /  101
# 13 /   331776 / ( 288 X  288)/    GL_RGBA /  273
# 14 /   331776 / ( 288 X  288)/    GL_RGBA /  120
# 15 /   331776 / ( 288 X  288)/    GL_RGBA /  291
# 16 /  4000000 / (1000 X 1000)/    GL_RGBA /  212
# 17 /  1638400 / ( 640 X  640)/    GL_RGBA /   39
# 18 /  1638400 / ( 640 X  640)/    GL_RGBA /   41
# 19 /  1638400 / ( 640 X  640)/    GL_RGBA /  813
# 20 /   409600 / ( 320 X  320)/    GL_RGBA /  817
# 21 /   331776 / ( 288 X  288)/    GL_RGBA /   50
# 22 /  1638400 / ( 640 X  640)/    GL_RGBA /  863
# 23 /  1638400 / ( 640 X  640)/    GL_RGBA /  863
# 24 /     7744 / (  88 X   88)/   GL_ALPHA /  825
# 25 /     5625 / (  75 X   75)/   GL_ALPHA /  825
# 26 /  1638400 / ( 640 X  640)/    GL_RGBA /  817
# 27 /   331776 / ( 288 X  288)/    GL_RGBA /  212
# 28 /     7744 / (  88 X   88)/   GL_ALPHA / 1279
# 29 /     7744 / (  88 X   88)/   GL_ALPHA / 1289
# 30 /   331776 / ( 288 X  288)/    GL_RGBA /  210
# 31 /     7744 / (  88 X   88)/   GL_ALPHA / 1718
# 32 /     7744 / (  88 X   88)/   GL_ALPHA / 1718
# 33 /     9216 / (  96 X   96)/   GL_ALPHA /   58
# 34 /   331776 / ( 288 X  288)/    GL_RGBA /  300
# 35 /   331776 / ( 288 X  288)/    GL_RGBA /  182
# 36 /     9216 / (  96 X   96)/   GL_ALPHA / 1716
# 37 /   331776 / ( 288 X  288)/    GL_RGBA /  230
# 38 /     9216 / (  96 X   96)/   GL_ALPHA / 1716
# 39 /     5625 / (  75 X   75)/   GL_ALPHA /  825
# 40 /  1638400 / ( 640 X  640)/    GL_RGBA /  863
# 41 /     5625 / (  75 X   75)/   GL_ALPHA /  412
# 42 /  4665600 / (1080 X 1080)/    GL_RGBA / 7917
# 43 /     7744 / (  88 X   88)/   GL_ALPHA / 1718
# 44 /   331776 / ( 288 X  288)/    GL_RGBA /  116
# 45 /     7744 / (  88 X   88)/   GL_ALPHA /  875
# 46 /     7744 / (  88 X   88)/   GL_ALPHA /  875
# 47 /     7744 / (  88 X   88)/   GL_ALPHA / 1718


Pipeline=FrameBuilder
Profile data in ms:

	com.takahashirinta.ncrust/com.takahashirinta.ncrust.MainActivity/android.view.ViewRootImpl@613f835 (visibility=0)

---PROFILEDATA---
Flags,IntendedVsync,Vsync,OldestInputEvent,NewestInputEvent,HandleInputStart,AnimationStart,PerformTraversalsStart,DrawStart,SyncQueued,SyncStart,IssueDrawCommandsStart,SwapBuffers,FrameCompleted,
0,53816924076752,53816924076752,9223372036854775807,0,53816924317452,53816924338160,53816925102452,53816925157785,53816926174369,53816926198369,53816926469869,53816928691327,53816941499660,
0,53816940193244,53816940193244,9223372036854775807,0,53816940879410,53816940900702,53816941710869,53816941776535,53816942662202,53816942687035,53816943072369,53816945195869,53816958544160,
0,53816956984450,53816956984450,9223372036854775807,0,53816957521202,53816957554244,53816958808827,53816958888202,53816960951619,53816961012202,53816961634452,53816967860244,53816976736410,
0,53816973830392,53816973830392,9223372036854775807,0,53816974688535,53816974737702,53816976598619,53816976723035,53816979744660,53816979838410,53816980761535,53816987116494,53816994289994,
0,53816990618151,53816990618151,9223372036854775807,0,53816991604827,53816991683952,53816996133577,53816996470119,53817003481994,53817003870952,53817005635577,53817022023410,53817028477119,
0,53817007404464,53817007404464,9223372036854775807,0,53817008397577,53817008469410,53817012491660,53817012777744,53817020775160,53817028744827,53817029861619,53817046957285,53817053222077,
0,53817024192886,53817024192886,9223372036854775807,0,53817032139952,53817032260535,53817036343369,53817036619994,53817044832202,53817053495952,53817054574494,53817071691202,53817078924452,
0,53817040980485,53817040980485,9223372036854775807,0,53817056161410,53817056276410,53817060758535,53817061028660,53817070256119,53817079364744,53817081018577,53817101467285,53817106545869,
0,53817057681615,53817074630767,9223372036854775807,0,53817083645785,53817083826619,53817089563410,53817089871410,53817099207452,53817106739910,53817107435869,53817118808119,53817123252244,
0,53817091211851,53817108161003,9223372036854775807,0,53817108729785,53817108784535,53817117219035,53817117453869,53817120864035,53817123440785,53817124110119,53817133609119,53817138128327,
0,53817124827140,53817124827140,9223372036854775807,0,53817127232035,53817127286619,53817146599285,53817146767702,53817149210785,53817149482285,53817150101119,53817156125327,53817161021994,
0,53817141578986,53817141578986,9223372036854775807,0,53817154216077,53817154274577,53817164011160,53817164099202,53817165341369,53817165406410,53817165853244,53817171373452,53817174521994,
0,53817309636490,53817309636490,9223372036854775807,0,53817310517202,53817310521494,53817319208035,53817319363660,53817324186577,53817324437202,53817324909494,53817330124702,53817336385119,
0,53817326431216,53817326431216,9223372036854775807,0,53817327346452,53817327383327,53817328349285,53817328484035,53817328643660,53817336512452,53817336934952,53817341484535,53817346977660,
0,53817393522690,53817393522690,9223372036854775807,0,53817394365744,53817394416285,53817407535660,53817407755994,53817410943369,53817411239744,53817411969244,53817422510285,53817430774535,
0,53819005456011,53819005456011,9223372036854775807,0,53819005867078,53819005868994,53819017695911,53819017749161,53819019949620,53819019996203,53819020245995,53819022920495,53819027093536,
0,53819022405962,53819022405962,9223372036854775807,0,53819022769328,53819022788370,53819028036911,53819028078620,53819030313995,53819030434286,53819030605703,53819032985286,53819040152995,
0,53819039357060,53819039357060,9223372036854775807,0,53819039555870,53819039575161,53819040773703,53819040823536,53819041492245,53819041592495,53819041918286,53819044833161,53819057225078,
0,53819056307803,53819056307803,9223372036854775807,0,53819056534370,53819056552995,53819057045411,53819057091953,53819057519245,53819057537161,53819057767870,53819059046828,53819073977036,
0,53819072465388,53819072465388,9223372036854775807,0,53819072946745,53819072964911,53819073507245,53819073558411,53819073988828,53819074020620,53819074244036,53819075479995,53819089959745,
0,53819089256283,53819089256283,9223372036854775807,0,53819089835786,53819089856411,53819091394411,53819091521870,53819092513203,53819092638161,53819093102870,53819095024411,53819108339995,
0,53819105956436,53819105956436,9223372036854775807,0,53819106560995,53819106600870,53819107668370,53819107776120,53819108880745,53819108927328,53819109450036,53819112845286,53819125056411,
0,53819122746598,53819122746598,9223372036854775807,0,53819123334578,53819123379036,53819124690036,53819124832120,53819125906953,53819125948203,53819126463286,53819129692995,53819141685453,
0,53819139536660,53819139536660,9223372036854775807,0,53819140281453,53819140324578,53819141550953,53819141690161,53819142736661,53819142779953,53819143400828,53819146650870,53819158240495,
0,53819156326825,53819156326825,9223372036854775807,0,53819157102953,53819157142661,53819158413161,53819158535203,53819159528411,53819159571203,53819160150536,53819163369953,53819175652328,
0,53819173117000,53819173117000,9223372036854775807,0,53819173690536,53819173742536,53819175387286,53819175533328,53819176561870,53819176606245,53819177190620,53819180579786,53819193189786,
0,53819190060856,53819190060856,9223372036854775807,0,53819191263995,53819191306036,53819192540120,53819192677286,53819193806495,53819193851495,53819194440828,53819198292453,53819212287578,
0,53819206744108,53819206744108,9223372036854775807,0,53819208162245,53819208256911,53819214830328,53819215394536,53819220644536,53819220905078,53819222955995,53819243213911,53819251962453,
0,53819223543973,53819223543973,9223372036854775807,0,53819224957245,53819225047453,53819228797953,53819229133328,53819233904203,53819252383786,53819254291245,53819267114578,53819271243828,
0,53819240347012,53819257296164,9223372036854775807,0,53819261030078,53819261092786,53819265359328,53819265556578,53819267508120,53819271406828,53819272101245,53819281511620,53819286738578,
0,53819273936906,53819273936906,9223372036854775807,0,53819274755078,53819274828995,53819278255411,53819278637370,53819280923411,53819286940495,53819287689828,53819298006786,53819302002328,
0,53819290658216,53819290658216,9223372036854775807,0,53819294574703,53819294625536,53819296791953,53819296971745,53819297159828,53819302147995,53819302849536,53819313562870,53819317356786,
0,53819307440592,53819307440592,9223372036854775807,0,53819308282120,53819308286411,53819325130203,53819325248911,53819326745578,53819327080245,53819327496578,53819330267078,53819337263995,
0,53819324226563,53819324226563,9223372036854775807,0,53819331236286,53819331267411,53819333212953,53819333293911,53819333638703,53819337348828,53819337568620,53819340280286,53819344430953,
0,53827030071716,53827030071716,9223372036854775807,0,53827030499623,53827030501373,53827039945540,53827039995373,53827041942207,53827042057873,53827042204498,53827043786290,53827049079915,
0,53827046897257,53827046897257,9223372036854775807,0,53827047341832,53827047412915,53827053580957,53827053628540,53827073871457,53827074000998,53827074425832,53827075964832,53827078726415,
0,53827063612216,53827063612216,9223372036854775807,0,53827075443540,53827075463957,53827076684540,53827076735873,53827078389082,53827078774665,53827078959082,53827087041915,53827089128623,
0,53827080561876,53827080561876,9223372036854775807,0,53827081177665,53827081201998,53827081840665,53827081896248,53827087028040,53827089185332,53827089364832,53827093243123,53827098724707,
0,53827097512243,53827097512243,9223372036854775807,0,53827097788457,53827097810832,53827098461165,53827098518957,53827099448498,53827099469123,53827099711165,53827102032582,53827117244790,
0,53827114463303,53827114463303,9223372036854775807,0,53827114681832,53827114701248,53827115291582,53827115337790,53827116175415,53827117294040,53827117523790,53827119352582,53827132292332,
0,53827131414393,53827131414393,9223372036854775807,0,53827131709748,53827131727873,53827132362915,53827132415582,53827133296665,53827133318082,53827133582290,53827135449248,53827148922582,
0,53827147620895,53827147620895,9223372036854775807,0,53827147996207,53827148016498,53827149144873,53827149199873,53827150379123,53827150493123,53827150885123,53827153042623,53827165808748,
0,53827164409096,53827164409096,9223372036854775807,0,53827164802873,53827164836165,53827165888290,53827166004832,53827167806873,53827167850582,53827168316873,53827172355957,53827183833873,
0,53827181235135,53827181235135,9223372036854775807,0,53827182351582,53827182390665,53827183804040,53827183928748,53827185760582,53827185801748,53827186339582,53827190988915,53827199384040,
0,53827198022582,53827198022582,9223372036854775807,0,53827198880457,53827198917415,53827200432248,53827200528165,53827202295207,53827202452665,53827204241123,53827221762790,53827227201790,
0,53827214805139,53827214805139,9223372036854775807,0,53827216437165,53827216538207,53827221602498,53827221842040,53827225808207,53827227338582,53827227984415,53827238714915,53827243378873,
0,53827231585739,53827231585739,9223372036854775807,0,53827232712998,53827232803707,53827236569582,53827236819832,53827242641082,53827243547165,53827244231957,53827254784123,53827258882748,
0,53827248371561,53827248371561,9223372036854775807,0,53827249347207,53827249440248,53827254414540,53827254670248,53827259102248,53827259251582,53827259940332,53827269611207,53827274887498,
0,53827265094046,53827265094046,9223372036854775807,0,53827271075373,53827271156082,53827274511332,53827274717290,53827277946790,53827278041832,53827278602707,53827286280165,53827289143457,
0,53827281857614,53827281857614,9223372036854775807,0,53827282640623,53827282684915,53827285527415,53827285692748,53827287526998,53827289265332,53827289810998,53827297151707,53827301144123,
0,53827298614685,53827298614685,9223372036854775807,0,53827299171665,53827299211498,53827306195457,53827306328790,53827308006498,53827308348123,53827309168957,53827313507665,53827317319290,
0,53827315372604,53827315372604,9223372036854775807,0,53827316343707,53827316388957,53827318456915,53827318590332,53827319089998,53827319492957,53827320308915,53827324756123,53827334413373,
0,53827332130156,53827332130156,9223372036854775807,0,53827332707790,53827332711332,53827344872873,53827344981957,53827346794790,53827347157748,53827347969373,53827352620998,53827355726373,
0,53827348887442,53827348887442,9223372036854775807,0,53827350625248,53827350654748,53827356907040,53827356994832,53827358319790,53827358502998,53827358767498,53827363063373,53827367796373,
0,53827483407018,53827483407018,9223372036854775807,0,53827484251332,53827484256790,53827495203374,53827495390332,53827500218999,53827500347582,53827501061999,53827508868624,53827517950457,
0,53827500197751,53827500197751,9223372036854775807,0,53827502089957,53827502155082,53827503648499,53827503843540,53827504063415,53827518131624,53827518733040,53827525349582,53827536618332,
0,53827752094569,53827752094569,9223372036854775807,0,53827752958249,53827753020915,53827784544749,53827784858999,53827789404707,53827789884999,53827791141499,53827799658665,53827808066082,
0,53829214619574,53829214619574,9223372036854775807,0,53829214929624,53829214931583,53829226152374,53829226211833,53829228354124,53829228501041,53829228677833,53829231211916,53829235478583,
0,53829231569687,53829231569687,9223372036854775807,0,53829232001791,53829232026666,53829237057541,53829237101208,53829239252249,53829239278166,53829239443124,53829241847041,53829249070416,
0,53829248521219,53829248521219,9223372036854775807,0,53829248712583,53829248730958,53829250107541,53829250159083,53829250788291,53829250809666,53829251151708,53829254022083,53829264612708,
0,53829263111716,53829263111716,9223372036854775807,0,53829263899333,53829263919541,53829264410374,53829264521083,53829264942124,53829264961874,53829265202166,53829266493958,53829281531583,
0,53829280062955,53829280062955,9223372036854775807,0,53829280423916,53829280443708,53829280968124,53829281012791,53829281488666,53829281580458,53829281896749,53829283182916,53829297808249,
0,53829297014239,53829297014239,9223372036854775807,0,53829297215333,53829297232208,53829297687624,53829297735583,53829298204749,53829298222458,53829298438874,53829299673208,53829316563374,
0,53829313965167,53829313965167,9223372036854775807,0,53829314560249,53829314599249,53829315752249,53829315925208,53829317030499,53829317077916,53829317681458,53829321363791,53829336439958,
0,53829330913329,53829330913329,9223372036854775807,0,53829332428708,53829332574333,53829337829666,53829338404916,53829343301416,53829343808458,53829346246541,53829358555041,53829365914833,
0,53829346986034,53829346986034,9223372036854775807,0,53829348747541,53829348838958,53829352959624,53829353297916,53829356330708,53829366285041,53829367843291,53829382881249,53829391142958,
0,53829363755542,53829363755542,9223372036854775807,0,53829371341791,53829371567458,53829376892541,53829377230624,53829380572458,53829391409458,53829392938874,53829407469666,53829412234583,
0,53829380568843,53829380568843,9223372036854775807,0,53829395537874,53829395669708,53829400858833,53829401162666,53829403890999,53829412412958,53829413065874,53829422427041,53829426368708,
0,53829397338629,53829397338629,9223372036854775807,0,53829413996624,53829414070124,53829417819041,53829418075666,53829421069583,53829426533666,53829427202541,53829435575666,53829439175833,
0,53829430881276,53829430881276,9223372036854775807,0,53829431934958,53829432018958,53829435474208,53829435707124,53829437481458,53829439337999,53829439958249,53829445676916,53829449923249,
0,53829447653553,53829447653553,9223372036854775807,0,53829448317708,53829448363874,53829450467916,53829450646124,53829452064416,53829452272333,53829453369333,53829457443833,53829466861791,
0,53829464512402,53829464512402,9223372036854775807,0,53829465563791,53829465613291,53829467697958,53829467872624,53829469161958,53829469242708,53829470319624,53829474413291,53829484220583,
0,53829481389130,53829481389130,9223372036854775807,0,53829481912124,53829481957833,53829484055541,53829484234874,53829485699583,53829485898791,53829486888916,53829491593749,53829500553833,
0,53829498175197,53829498175197,9223372036854775807,0,53829498761124,53829498807749,53829501151499,53829501383791,53829501594708,53829501864958,53829503038083,53829508149916,53829517985166,
0,53829514962088,53829514962088,9223372036854775807,0,53829515717916,53829515723291,53829535689583,53829535840875,53829537506791,53829537827875,53829539119041,53829544205333,53829548690416,
0,53829531746053,53829531746053,9223372036854775807,0,53829544582000,53829544643833,53829550124375,53829550369291,53829551487166,53829551730416,53829552344416,53829556637458,53829559650708,
0,53837223766098,53837223766098,9223372036854775807,0,53837225870628,53837225872087,53837235477503,53837235526878,53837237447795,53837237498670,53837237655878,53837239259503,53837244174628,
0,53837240717236,53837240717236,9223372036854775807,0,53837240978878,53837241000795,53837246879462,53837246924503,53837268157670,53837268286295,53837268690628,53837270270795,53837273700587,
0,53837257668387,53837257668387,9223372036854775807,0,53837269629420,53837269649045,53837270966628,53837271016670,53837272625712,53837273807628,53837274249295,53837281932503,53837289729920,
0,53837272228926,53837272228926,9223372036854775807,0,53837274501170,53837274520545,53837275065087,53837275116920,53837280258128,53837289783420,53837290182462,53837294165420,53837306828295,
0,53837289180152,53837289180152,9223372036854775807,0,53837290439878,53837290456795,53837291028503,53837291081170,53837292030212,53837306888420,53837307134795,53837309096587,53837323978962,
0,53837306131207,53837306131207,9223372036854775807,0,53837307406212,53837307423378,53837307954045,53837308004170,53837308931920,53837324036962,53837324278378,53837326207045,53837342466670,
0,53837323081121,53837323081121,9223372036854775807,0,53837324526753,53837324544628,53837325064295,53837325117378,53837326026962,53837342597837,53837343072712,53837346927003,53837357920045,
0,53837340032023,53837340032023,9223372036854775807,0,53837343639087,53837343672962,53837344841212,53837344957253,53837346780878,53837358062253,53837358689170,53837364429045,53837374551878,
0,53837356156621,53837356156621,9223372036854775807,0,53837359944628,53837359994003,53837363165670,53837363299253,53837365394878,53837374744587,53837375368253,53837380681712,53837392531212,
0,53837372947977,53837372947977,9223372036854775807,0,53837376234503,53837376281420,53837377733170,53837377846378,53837380299462,53837392695170,53837393939253,53837401238295,53837408520712,
0,53837389805113,53837389805113,9223372036854775807,0,53837394446670,53837394479962,53837395448503,53837395518003,53837396893587,53837408653128,53837409396128,53837417188670,53837425567462,
0,53837406595238,53837406595238,9223372036854775807,0,53837409897128,53837409930462,53837411981295,53837412193545,53837416449712,53837425704503,53837426676378,53837438149753,53837442809837,
0,53837423385155,53837423385155,9223372036854775807,0,53837427526878,53837427583170,53837429656920,53837429879378,53837435186920,53837442975337,53837444209670,53837453825962,53837459103170,
0,53837440174540,53837440174540,9223372036854775807,0,53837445304503,53837445378753,53837448151587,53837448475962,53837453905378,53837459346503,53837460827670,53837473330253,53837477312920,
0,53837456964924,53837456964924,9223372036854775807,0,53837462097212,53837462184795,53837464876878,53837465221712,53837470340462,53837477488545,53837478261712,53837490432420,53837494708587,
0,53837473618444,53837473618444,9223372036854775807,0,53837479216878,53837479302212,53837482182545,53837482458212,53837485772420,53837494804253,53837495103878,53837499493295,53837509210878,
0,53837490438125,53837490438125,9223372036854775807,0,53837495734295,53837495777003,53837500914837,53837501060253,53837503221545,53837509315128,53837510156962,53837514518170,53837526508212,
0,53837507204330,53837507204330,9223372036854775807,0,53837511464628,53837511510087,53837513227962,53837513382128,53837513876962,53837526604837,53837527364545,53837532112212,53837543016503,
0,53837523971282,53837523971282,9223372036854775807,0,53837528216962,53837528220420,53837541866587,53837541994212,53837544511212,53837544859420,53837545648962,53837549905087,53837559342712,
0,53837540738798,53837540738798,9223372036854775807,0,53837548759045,53837548803295,53837556452087,53837556542295,53837557936337,53837559447045,53837560233212,53837564631920,53837576557087,
0,53837557505577,53837557505577,9223372036854775807,0,53837561035920,53837561038253,53837562035253,53837562096087,53837562430170,53837576697878,53837577376962,53837581784753,53837593597295,
0,53837641639856,53837641639856,9223372036854775807,0,53837642557753,53837642562628,53837654529462,53837654707420,53837659624420,53837659776337,53837660540878,53837668393003,53837676103878,
0,53837658422338,53837658422338,9223372036854775807,0,53837661547253,53837661609212,53837662807503,53837663003337,53837663216628,53837676286837,53837676922628,53837684052753,53837694747545,
0,53837775885281,53837775885281,9223372036854775807,0,53837777010045,53837777081295,53837798376170,53837798580670,53837801287753,53837801441795,53837802132795,53837809043878,53837816835587,
0,53839391109529,53839391109529,9223372036854775807,0,53839391338379,53839391340213,53839402491671,53839402548254,53839404790254,53839404834546,53839405019463,53839407258671,53839411951088,
0,53839408060465,53839408060465,9223372036854775807,0,53839408390546,53839408408963,53839413325879,53839413366254,53839415487629,53839415511671,53839415677504,53839418033046,53839425761088,
0,53839425011761,53839425011761,9223372036854775807,0,53839425294296,53839425312671,53839426484588,53839426534588,53839427188463,53839427208921,53839427457338,53839430321504,53839439522879,
0,53839438425334,53839438425334,9223372036854775807,0,53839438903504,53839438923171,53839439483129,53839439532379,53839440091171,53839440197379,53839440585629,53839441887754,53839456508629,
0,53839455376317,53839455376317,9223372036854775807,0,53839455685296,53839455700838,53839456161963,53839456212254,53839456762213,53839456782504,53839457000421,53839458237171,53839474163838,
0,53839472326427,53839472326427,9223372036854775807,0,53839472807338,53839472829504,53839473415713,53839473483671,53839474098046,53839474224213,53839474510004,53839476109504,53839493680796,
0,53839489276747,53839489276747,9223372036854775807,0,53839489847171,53839489903046,53839493874171,53839494270963,53839497749796,53839498131463,53839501003046,53839515202504,53839520490129,
0,53839506223775,53839506223775,9223372036854775807,0,53839507284254,53839507365671,53839511780046,53839512255879,53839515168338,53839520729129,53839521905296,53839539171879,53839545813004,
0,53839522383969,53839522383969,9223372036854775807,0,53839525494629,53839525666588,53839533954171,53839534292671,53839537401421,53839545990338,53839546666963,53839554408754,53839558560421,
0,53839539178565,53839539178565,9223372036854775807,0,53839547797046,53839547870004,53839550197546,53839550564171,53839553048171,53839558716421,53839559390671,53839565231838,53839575554129,
0,53839555946716,53839555946716,9223372036854775807,0,53839560447254,53839560508296,53839562525754,53839562756588,53839564746254,53839575727129,53839576919504,53839583327671,53839592412754,
0,53839572746164,53839572746164,9223372036854775807,0,53839577797088,53839577866504,53839579870963,53839580222296,53839582440963,53839592565463,53839593836379,53839599787713,53839608438254,
0,53839589546358,53839589546358,9223372036854775807,0,53839594694504,53839594763463,53839596809588,53839597054588,53839599262046,53839608646171,53839609579463,53839616744671,53839626441213,
0,53839606348215,53839606348215,9223372036854775807,0,53839610721963,53839610830213,53839613166046,53839613444963,53839615938379,53839626701629,53839631475838,53839638959171,53839643848421,
0,53839623149052,53839623149052,9223372036854775807,0,53839632810879,53839632899588,53839635562004,53839635777671,53839637802963,53839644026504,53839644717963,53839651060338,53839658878088,
0,53839639865003,53839639865003,9223372036854775807,0,53839645746963,53839645812713,53839647805046,53839648044379,53839650366463,53839659041838,53839659998296,53839666675213,53839676256213,
0,53839656704523,53839656704523,9223372036854775807,0,53839660929254,53839660988754,53839662890129,53839663122504,53839665364004,53839676416213,53839677562213,53839683230171,53839693206754,
0,53839673477629,53839673477629,9223372036854775807,0,53839678506671,53839678571254,53839680783254,53839681025671,53839681297504,53839693358004,53839694646921,53839700720921,53839709844588,
0,53839690251858,53839690251858,9223372036854775807,0,53839696187129,53839696191504,53839715413671,53839715570463,53839717344546,53839717648296,53839718850963,53839724028379,53839728136504,
0,53839707023505,53839723972657,9223372036854775807,0,53839725866254,53839725929088,53839731460754,53839731680963,53839732592379,53839732957171,53839733584879,53839738006463,53839744700129,
---PROFILEDATA---


View hierarchy:

  com.takahashirinta.ncrust/com.takahashirinta.ncrust.MainActivity/android.view.ViewRootImpl@613f835
  7 views, 8.45 kB of display lists


Total ViewRootImpl: 1
Total Views:        7
Total DisplayList:  8.45 kB

