# PLC110 v2.5.5 release vc46, text column x=210..900 (cover 0..196, buttons right of 950)
# y mean std max
2300 1.9 8.5 94
2301 2.0 9.2 104
2302 2.0 9.0 105
2303 1.9 8.5 95
2304 1.9 8.5 100
2305 1.9 8.6 95
2306 1.9 8.7 108
2307 2.0 9.1 104
2308 2.1 9.8 116
2309 2.0 9.3 90
2310 1.9 8.4 82
2311 1.9 8.5 93
2312 2.4 12.0 131
2313 2.9 16.0 189
2314 2.1 9.1 56
2315 1.9 8.7 42
2316 1.8 8.3 43
2317 1.6 8.0 69
2318 0.0 0.0 0
2319 0.0 0.0 0
2320 0.0 0.0 0
2321 0.0 0.0 0
2322 0.0 0.0 0
2323 0.0 0.0 0
2324 26.0 0.0 26
2325 26.0 0.0 26
2326 26.0 0.0 26
2327 26.0 0.0 26
2328 26.0 0.0 26
2329 26.0 0.0 26
2330 26.0 0.0 26
2331 26.0 0.0 26
2332 26.0 0.0 26
2333 26.0 0.0 26
2334 26.0 0.0 26
2335 26.0 0.0 26
2336 26.0 0.0 26
2337 26.0 0.0 26
2338 26.0 0.0 26
2339 26.0 0.0 26
2340 26.0 0.0 26
2341 26.0 0.0 26
2342 26.0 0.0 26
2343 26.0 0.0 26
2344 26.0 0.0 26
2345 26.0 0.0 26
2346 26.0 0.0 26
2347 26.0 0.0 26
2348 26.0 0.0 26
2349 26.0 0.0 26
2350 26.0 0.0 26
2351 26.0 0.0 26
2352 26.0 0.0 26
2353 26.0 0.0 26
2354 26.0 0.0 26
2355 26.0 0.0 26
2356 26.0 0.0 26
2357 26.0 0.0 26
2358 26.0 0.0 26
2359 26.0 0.0 26
2360 26.0 0.0 26
2361 26.0 0.0 26
2362 26.0 0.0 26
2363 26.0 0.0 26
2364 26.0 0.0 26
2365 26.0 0.0 26
2366 26.0 0.0 26
2367 26.0 0.0 26
2368 26.0 0.0 26
2369 26.0 0.0 26
2370 26.0 0.0 26
2371 26.0 0.0 26
2372 26.0 0.0 26
2373 26.0 0.0 26
2374 26.0 0.0 26
2375 26.0 0.0 26
2376 26.0 0.0 26
2377 26.0 0.0 26
2378 26.0 0.0 26
2379 26.0 0.0 26
2380 26.0 0.0 26
2381 26.0 0.0 26
2382 26.0 0.0 26
2383 26.0 0.0 26
2384 26.0 0.0 26
2385 26.3 3.9 102
2386 29.9 16.1 153
2387 42.4 33.2 153
2388 47.0 41.2 153
2389 47.0 41.1 153
2390 47.9 41.1 153
2391 46.9 39.9 153
2392 39.0 32.9 153
2393 38.7 32.8 153
2394 38.5 32.6 153
2395 40.1 33.0 153
2396 41.0 35.5 153
2397 42.7 36.7 153
2398 44.9 39.0 153
2399 43.7 37.2 153
2400 42.4 36.2 153
2401 42.1 35.7 153
2402 45.3 38.6 153
2403 46.1 40.0 153
2404 46.0 39.5 153
2405 45.4 39.5 153
2406 44.9 38.4 153
2407 40.3 34.8 153
2408 40.3 34.8 153
2409 39.3 33.1 153
2410 39.8 33.8 153
2411 39.5 33.8 153
2412 39.6 33.5 153
2413 41.0 35.3 153
2414 42.2 36.5 153
2415 42.2 36.1 153
2416 43.3 37.5 153
2417 41.9 36.0 153
2418 43.2 37.2 153
2419 43.1 37.3 153
2420 39.5 33.0 153
2421 36.2 29.6 153
2422 32.9 23.6 153
2423 27.0 6.6 139
2424 26.0 0.0 27
2425 26.0 0.0 26
2426 26.0 0.0 26
2427 26.0 0.0 26
2428 26.0 0.0 26
2429 26.0 0.0 26
2430 26.0 0.0 26
2431 26.0 0.0 26
2432 26.0 0.0 26
2433 26.0 0.0 26
2434 26.0 0.0 26
2435 26.0 0.0 26
2436 26.0 0.0 26
2437 26.0 0.0 26
2438 26.0 0.0 26
2439 26.0 0.0 26
2440 26.1 1.9 77
2441 28.2 17.1 255
2442 34.9 42.3 255
2443 45.0 56.3 255
2444 50.7 69.7 255
2445 55.9 73.0 255
2446 69.6 84.4 255
2447 76.0 93.7 255
2448 74.4 90.8 255
2449 74.0 91.0 255
2450 74.1 89.6 255
2451 71.8 87.4 255
2452 70.2 87.6 255
2453 71.2 88.7 255
2454 74.0 90.6 255
2455 73.4 88.5 255
2456 73.8 90.7 255
2457 74.4 89.1 255
2458 76.8 93.1 255
2459 74.8 91.7 255
2460 76.0 91.5 255
2461 79.1 94.8 255
2462 79.0 93.2 255
2463 75.9 92.2 255
2464 78.4 93.8 255
2465 77.9 92.8 255
2466 74.1 89.4 255
2467 72.0 89.1 255
2468 77.5 91.5 255
2469 79.4 94.3 255
2470 79.7 95.0 255
2471 78.1 93.6 255
2472 76.0 92.5 255
2473 71.5 86.1 255
2474 60.6 78.2 255
2475 62.8 80.9 255
2476 63.4 81.6 255
2477 60.8 78.1 255
2478 62.9 81.2 255
2479 64.4 82.6 255
2480 71.4 88.7 255
2481 70.8 88.5 255
2482 67.1 84.2 255
2483 60.0 78.6 255
2484 52.7 69.5 255
2485 36.0 36.3 255
2486 26.3 4.8 136
2487 26.0 0.0 26
2488 26.0 0.0 26
2489 26.0 0.0 26
2490 26.0 0.0 26
2491 26.0 0.0 26
2492 26.0 0.0 26
2493 26.0 0.0 26
2494 26.0 0.0 26
2495 26.0 0.0 26
2496 26.0 0.0 26
2497 26.0 0.0 26
2498 26.0 0.0 26
2499 26.0 0.0 26
2500 26.0 0.0 26
2501 26.0 0.0 26
2502 26.0 0.0 26
2503 26.0 0.0 26
2504 26.1 1.0 45
2505 28.4 15.6 178
2506 34.3 29.1 179
2507 58.0 57.2 179
2508 67.1 65.0 179
2509 70.2 68.4 179
2510 67.7 65.7 179
2511 61.9 60.9 179
2512 47.3 46.3 179
2513 51.6 54.5 179
2514 57.0 60.2 179
2515 57.8 60.8 179
2516 50.3 52.3 179
2517 45.6 47.6 179
2518 57.4 59.5 179
2519 62.1 63.2 179
2520 65.0 64.6 179
2521 65.2 64.0 179
2522 64.8 63.3 179
2523 53.7 57.5 179
2524 62.6 62.3 179
2525 60.0 60.8 179
2526 59.9 59.8 179
2527 58.2 60.6 179
2528 52.9 55.8 179
2529 57.3 57.3 179
2530 58.3 60.0 179
2531 59.7 61.0 179
2532 58.6 60.3 179
2533 56.4 58.3 179
2534 52.4 53.6 179
2535 53.2 54.8 179
2536 55.8 58.5 179
2537 55.7 58.1 179
2538 58.5 60.4 179
2539 53.1 56.0 179
2540 48.9 51.8 179
2541 44.0 47.3 179
2542 39.2 39.6 179
2543 27.6 8.9 152
2544 26.0 0.1 28
2545 26.0 0.0 26
2546 26.0 0.0 26
2547 26.0 0.0 26
2548 26.0 0.0 26
2549 26.0 0.0 26
2550 26.0 0.0 26
2551 26.0 0.0 26
2552 26.0 0.0 26
2553 26.0 0.0 26
2554 26.0 0.0 26
2555 26.0 0.0 26
2556 26.0 0.0 26
2557 26.0 0.0 26
2558 26.0 0.0 26
2559 26.0 0.0 26
2560 26.0 0.0 26
2561 26.0 0.0 26
2562 26.0 0.0 26
2563 26.0 0.0 26
2564 26.0 0.0 26
2565 26.0 0.0 26
2566 26.0 0.0 26
2567 26.0 0.0 26
2568 26.0 0.0 26
2569 26.0 0.0 26
2570 26.0 0.0 26
2571 26.0 0.0 26
2572 26.0 0.0 26
2573 26.0 0.0 26
2574 26.0 0.0 26
2575 26.0 0.0 26
2576 26.0 0.0 26
2577 26.0 0.0 26
2578 26.0 0.0 26
2579 26.0 0.0 26
2580 26.0 0.0 26
2581 26.0 0.0 26
2582 26.0 0.0 26
2583 26.0 0.0 26
2584 26.0 0.0 26
2585 26.0 0.0 26
2586 26.0 0.0 26
2587 26.0 0.0 26
2588 26.0 0.0 26
2589 26.0 0.0 26
2590 26.0 0.0 26
2591 26.0 0.0 26
2592 26.0 0.0 26
2593 26.0 0.0 26
2594 26.0 0.0 26
2595 26.0 0.0 26
2596 26.0 0.0 26
2597 26.0 0.0 26
2598 26.0 0.0 26
2599 26.0 0.0 26
2600 26.0 0.0 26
2601 26.0 0.0 26
2602 26.0 0.0 26
2603 26.0 0.0 26
2604 38.2 33.4 153
2605 38.2 33.4 153
2606 38.2 33.4 153
2607 38.2 33.4 153
2608 38.2 33.4 153
2609 38.2 33.4 153
2610 38.2 33.4 153
2611 26.0 0.0 26
2612 26.0 0.0 26
2613 26.0 0.0 26
2614 26.0 0.0 26
2615 26.0 0.0 26
2616 26.0 0.0 26
2617 26.0 0.0 26
2618 26.0 0.0 26
2619 26.0 0.0 26
2620 26.0 0.0 26
2621 26.0 0.0 26
2622 26.0 0.0 26
2623 26.0 0.0 26
2624 26.0 0.0 26
2625 26.0 0.0 26
2626 26.0 0.0 26
2627 26.0 0.0 26
2628 26.0 0.0 26
2629 26.0 0.0 26
2630 26.0 0.0 26
2631 26.0 0.0 26
2632 26.0 0.0 26
2633 26.0 0.0 26
2634 26.0 0.0 26
2635 26.0 0.0 26
2636 26.0 0.0 26
2637 26.0 0.0 26
2638 26.0 0.0 26
2639 26.0 0.0 26
